21
0.694715 0.27304 0.046075
0.636199 -0.11579 -0.107408
0.596244 0.181764 -0.098246
0.612486 0.033393 -0.066974
0.593847 0.178688 -0.093106
0.550766 -0.265828 0.005359
0.549333 -0.267245 0.004411
0.55234 -0.309188 0.073538
0.547101 -0.270682 0.01091
0.548495 -0.265593 0.006248
0.536382 -0.286999 -0.064188
0.148029 0.018985 0.299925
-0.311325 0.394597 0.157765
-0.406937 0.341549 0.132445
-0.528811 -0.19686 0.165244
-0.765386 -0.1643 -0.355823
0.613524 0.214356 -0.023863
0.550055 -0.265852 0.007659
0.548904 -0.270436 0.00767
0.552153 -0.265697 0.007689
-0.52232 -0.286068 0.179038
