20
-0.208885 0.584521 0.225168
-0.169761 0.523350 0.370392
-0.166855 0.521766 0.372961
-0.167972 0.527703 0.367020
-0.167691 0.517907 0.370211
-0.165228 0.525291 0.370904
-0.164089 0.522966 0.372920
-0.505507 -0.262770 0.251049
0.036624 0.079400 0.299851
0.180239 -0.398459 0.314262
0.267768 -0.378304 0.288843
0.595679 0.422357 -0.056830
0.024063 0.148183 -0.622442
-0.163748 0.523067 0.371113
0.779002 0.171739 0.202172
0.733601 0.067978 0.239599
-0.167004 0.460553 0.259742
-0.447234 -0.347252 0.223267
0.625840 -0.057942 0.227247
-0.151085 0.378545 0.352979
