23
0.713272 0.318667 0.040979
0.140695 -0.000127 0.334309
0.720703 -0.250698 0.040812
-0.091046 -0.122307 -0.819693
-0.550678 -0.051025 0.190249
-0.123095 -0.590884 -0.023552
-0.119681 -0.595690 -0.025198
-0.126545 -0.595887 -0.021755
-0.124949 -0.595088 -0.024870
-0.125322 -0.598653 -0.019265
-0.126222 -0.598695 -0.025106
-0.127228 -0.599969 -0.021520
-0.126480 -0.601659 -0.023632
-0.128293 -0.600537 -0.024286
0.070887 0.684443 -0.096915
-0.111184 -0.557484 0.087824
-0.451130 0.217915 0.240971
-0.498553 0.124259 0.203758
-0.129828 -0.600053 -0.023860
-0.568536 -0.143857 0.209517
-0.046630 -0.614037 -0.045121
-0.012852 0.664042 -0.040093
0.098327 0.684490 -0.143941
