18
-0.434720 -0.601195 0.062334
0.601319 -0.510018 0.239101
-0.544179 -0.187756 0.138042
0.281092 -0.004889 -0.311803
-0.330173 -0.064502 0.352240
-0.582813 0.004998 0.158547
-0.604485 0.489012 0.098931
0.378638 0.677951 0.197031
-0.574109 0.420524 0.078073
-0.398121 -0.697681 0.118539
-0.342491 -0.716870 0.126653
0.576112 -0.544254 0.178262
0.642916 -0.461121 0.244756
-0.539456 0.590027 0.124316
0.476458 0.607323 0.234344
0.419459 0.644418 0.233271
-0.587468 0.549779 0.115197
-0.436506 -0.649099 0.087761
