18
-0.531159 -0.546321 0.254186
0.809874 -0.145233 0.243617
-0.60903 -0.115695 0.166854
-0.340938 0.058474 0.357025
0.35487 -0.043234 -0.37652
-0.598935 0.168668 0.131903
0.809558 0.302244 0.171661
-0.315215 0.553946 0.345567
0.791215 -0.273437 0.243037
-0.481628 0.500234 0.267466
0.803475 -0.205147 0.27399
-0.488361 -0.570513 0.279513
-0.43766 0.512475 0.342048
0.806914 0.170246 0.184588
0.808986 0.238348 0.200153
-0.380076 0.533749 0.354553
-0.543768 -0.510121 0.201034
-0.441034 -0.604791 0.266889
