18
-0.703853 -0.315352 0.273042
0.614704 -0.194088 0.362030
-0.566584 -0.021468 0.300289
0.120931 -0.141476 -0.592290
-0.193393 0.103443 0.420737
0.661588 -0.002195 0.302939
-0.510525 0.312314 0.280370
0.189623 0.543893 0.296299
0.616620 -0.273121 0.350641
0.020667 0.423748 0.342803
0.690025 0.141818 0.296351
0.661722 0.076727 0.320410
0.104097 0.462217 0.371620
-0.653266 -0.465685 0.344781
0.150777 0.498651 0.350638
-0.693443 -0.418981 0.336002
0.644318 -0.142127 0.323827
-0.708428 -0.358953 0.309407
