18
-0.605470 -0.528719 0.231004
0.695465 -0.213063 0.335888
-0.506838 -0.173844 0.276903
0.667454 -0.147717 0.387425
0.198348 -0.028216 -0.586755
-0.182969 0.007515 0.431664
0.676105 0.202209 0.362612
-0.531514 0.158227 0.308953
-0.589725 0.439890 0.203369
-0.543000 0.639103 0.249880
0.688168 0.063897 0.332919
-0.594082 0.580014 0.262862
0.690248 -0.078788 0.341135
0.666724 0.128050 0.363520
-0.603724 0.513518 0.239908
-0.568014 -0.594467 0.244580
-0.520270 -0.631823 0.245385
-0.603488 -0.486574 0.196095
