18
-0.291279 0.804447 -0.084756
0.807363 0.224967 -0.224601
-0.615445 0.172370 -0.208324
-0.330758 -0.007754 -0.411384
0.309559 -0.011756 0.380865
0.803243 -0.288295 -0.191052
-0.633488 -0.149592 -0.239967
-0.349257 -0.732059 -0.084537
-0.215489 -0.804270 -0.086901
0.799508 0.291629 -0.188542
0.799032 -0.150995 -0.180856
0.798901 -0.222596 -0.210489
0.814148 0.158460 -0.194077
-0.173726 0.780925 -0.080810
-0.227770 0.814257 -0.094324
-0.286451 -0.784137 -0.088452
-0.158245 -0.775748 -0.071272
-0.332244 0.768008 -0.068558
