18
0.759894 -0.025193 -0.088433
0.23252 -0.504252 0.185638
0.230189 0.461901 0.362411
-0.089566 0.390768 0.321538
-0.137658 0.586772 -0.032299
-0.279627 0.498942 0.043595
-0.574006 0.269743 -0.206039
-0.496206 -0.178471 -0.05972
0.716376 0.013827 -0.20972
0.182794 0.555296 0.189193
0.721703 0.021162 -0.140263
-0.535234 -0.211614 -0.113616
0.167961 0.543973 0.275672
-0.412194 0.259921 -0.157494
-0.514996 0.288267 -0.178923
-0.491425 -0.18944 0.010555
0.192168 0.513347 0.330351
-0.462414 0.276724 -0.16163
