18
0.733115 -0.313054 0.180687
-0.453878 -0.369473 0.236437
-0.563208 -0.152448 0.152124
0.228629 0.000966 -0.34807
-0.348038 -0.014804 0.355839
-0.607354 0.028308 0.153034
0.618511 0.371438 0.314895
-0.564481 0.24038 0.087007
-0.498411 0.242367 0.03591
0.650868 0.312715 0.280688
0.629281 0.43934 0.281386
-0.580307 0.276868 0.195788
-0.445186 -0.370449 0.125946
-0.582606 0.251934 0.143232
0.743828 -0.443025 0.160884
0.740312 -0.37499 0.186228
-0.405548 -0.380274 0.089904
-0.43667 -0.393411 0.189797
