0.0718869 -0.0510368 -0.323214
0.134905 -0.172087 -0.250989
-0.0218764 -0.227363 -0.223037
-0.107645 -0.195701 -0.189135
0.15826 -0.180655 -0.241194
0.166335 -0.0444005 -0.306426
0.131091 0.0810678 -0.298609
0.0194559 0.0519061 -0.334213
-0.0952872 -0.0196135 -0.289897
-0.107248 -0.135927 -0.23758
-0.182504 -0.0554451 -0.246022
-0.163849 -0.111113 -0.230597
-0.154888 -0.0202947 -0.248247
0.142018 -0.0108035 -0.312514
0.220925 -0.113086 -0.266463
0.09759 -0.241883 -0.176619
0.0492771 -0.206577 -0.248839
0.277268 -0.204102 -0.140243
0.229436 -0.455481 -0.00900793
