0.14358 -0.7768 0.02723
0.15698 -0.83642 0.062106
0.19946 -0.8566 0.058025
0.23476 -0.84806 0.065133
0.26802 -0.82832 0.063942
-0.47809 0.077409 -0.35741
-0.52975 0.004957 -0.37245
-0.53125 -0.027052 -0.35175
-0.52394 -0.04316 -0.31877
-0.50333 -0.051531 -0.28982
-0.1827 -0.58683 -0.33602
-0.17537 -0.61072 -0.29321
-0.22631 -0.54172 -0.33493
-0.61053 0.22907 -0.18841
-0.61127 0.16138 -0.20376
-0.66124 0.20377 -0.12598
0.45401 0.34274 -0.2902
0.52589 0.39006 -0.20516
0.558181 0.406436 -0.1388
0.566862 0.413346 -0.00948688
