-0.066379 -0.18277 -0.45627
0.000983 -0.21982 -0.48268
0.029308 -0.23818 -0.45201
0.048164 -0.24579 -0.41238
0.05536 -0.24045 -0.36542
-0.67894 -0.21644 -0.31763
-0.67786 -0.26457 -0.26166
-0.73297 -0.16648 -0.30561
0.45497 0.025889 -0.30346
0.42895 -0.021753 -0.35731
0.45768 -0.01979 -0.25562
0.05016 -0.52468 -0.20191
-0.036099 -0.52614 -0.21182
-0.068654 -0.51252 -0.16804
-0.068359 -0.5115 -0.12147
-0.052363 -0.50667 -0.076638
0.17238 0.22679 -0.39773
0.088719 0.16606 -0.32343
0.26892 0.2964 -0.42419
0.375245 0.37583 -0.399408
