0.82935 -0.1694 0.14856
0.84845 -0.20606 0.10697
0.85225 -0.20547 0.068326
0.85958 -0.1562 0.040828
0.8335 -0.12938 0.052914
0.26952 -0.10841 0.20294
0.28515 -0.075247 0.18183
0.25029 -0.10161 0.2581
-0.6792 -0.32447 0.19563
-0.71757 -0.36604 0.2
-0.72907 -0.38524 0.18
-0.73778 -0.38671 0.1451
-0.73647 -0.37981 0.11885
-0.4162 0.11139 0.26783
-0.45001 0.10651 0.25229
-0.40423 0.15526 0.28543
-0.011085 -0.19395 0.11777
0.033084 -0.26461 0.10824
0.070973 -0.34536 0.072394
0.12574 -0.37942 0.015441
