0.4307 0.43339 -0.50346
0.45345 0.47282 -0.54995
0.45516 0.50988 -0.5473
0.45041 0.54517 -0.52927
0.4359 0.56722 -0.50965
0.44874 -0.39424 -0.50962
0.46223 -0.44264 -0.56717
0.44717 -0.4779 -0.56994
0.41239 -0.52945 -0.5257
0.43062 -0.507 -0.55577
-0.69864 -0.19361 -0.29943
-0.71377 -0.2274 -0.26391
-0.70842 -0.12509 -0.27202
-0.74675 0.18324 -0.25914
-0.75624 0.12266 -0.2161
-0.74752 0.22522 -0.21468
0.52144 -0.00777 0.064992
0.59034 0.003098 0.2558
0.55842 -0.010643 0.36793
0.558751 -0.0030264 0.165584
