-0.024457 0.84486 -0.12286
-0.015336 0.87316 -0.15235
-0.026431 0.77814 -0.21245
-0.003323 0.85673 -0.21199
-0.005702 0.87201 -0.18754
0.76935 -0.05938 -0.16155
0.79032 -0.031511 -0.11566
0.79747 -0.04411 -0.084053
0.79809 -0.067006 -0.06886
0.79896 -0.094488 -0.062914
0.39526 0.13391 -0.038991
-0.81829 0.11879 -0.20473
-0.7822 0.13518 -0.16584
-0.80396 0.064146 -0.19455
-0.22647 -0.73963 -0.17035
-0.27683 -0.70818 -0.17508
-0.2134 -0.69281 -0.13094
0.363284 0.104647 0.224718
0.423912 0.149744 0.064911
0.420338 0.13883 0.123117
