0.44246 -0.15848 -0.56996
0.52753 -0.11808 -0.57137
0.55251 -0.09776 -0.53741
0.55339 -0.083492 -0.48922
0.53987 -0.073713 -0.44918
0.73536 0.34243 -0.2129
0.72725 0.24907 -0.1876
0.73412 0.36822 -0.14774
0.62404 -0.15928 -0.26168
0.65488 -0.1013 -0.20387
0.66481 -0.21783 -0.23321
0.46674 0.37172 -0.46234
0.38936 0.32756 -0.42084
0.47966 0.41746 -0.46142
0.46684 0.4583 -0.44802
0.45325 0.49504 -0.42188
-0.74155 0.082366 -0.36018
-0.89542 -0.006544 -0.1401
-0.889524 -0.0321771 0.00303234
-0.843735 0.0351761 -0.258658
