-0.17931 -0.19994 -0.36227
-0.12736 -0.22372 -0.34132
-0.19448 -0.15935 -0.36159
-0.188 -0.12901 -0.34667
-0.17315 -0.11778 -0.32459
-0.77566 0.23337 -0.19944
-0.80479 0.28753 -0.22285
-0.81209 0.31336 -0.20864
-0.8015 0.33804 -0.17321
-0.78535 0.34436 -0.14676
0.27831 0.67134 -0.054121
0.21918 0.66591 -0.034451
0.21981 0.64576 -0.012782
0.6234 -0.055921 -0.23198
0.63369 -0.011819 -0.19439
0.63868 -0.09316 -0.21837
-0.16565 -0.24809 -0.086952
-0.25522 -0.28496 -0.060428
-0.31836 -0.29218 -0.02492
-0.38421 -0.2894 0.065397
