-0.50319 -0.39872 -0.076871
-0.56874 -0.43931 -0.042187
-0.56504 -0.48502 -0.03572
-0.54668 -0.52352 -0.033525
-0.51141 -0.54412 -0.030978
-0.46188 0.36924 -0.075673
-0.53612 0.40195 -0.043689
-0.5408 0.44762 -0.04473
-0.53212 0.48935 -0.051422
-0.50684 0.52905 -0.051115
-0.82756 0.23814 -0.11794
-0.82498 0.16839 -0.064973
-0.82205 0.28529 -0.068749
-0.78902 -0.19141 -0.21601
-0.79752 -0.13338 -0.1743
-0.79078 -0.24942 -0.17198
0.65677 0.027863 -0.2432
0.90882 -0.016051 0.005197
0.769955 0.0100431 -0.198736
0.852262 0.0011836 -0.119475
