0.54174 0.36694 -0.45853
0.59661 0.40964 -0.45917
0.59568 0.45113 -0.46191
0.57883 0.47887 -0.46562
0.55708 0.50412 -0.47833
-0.71391 0.18114 -0.27637
-0.71295 0.14569 -0.30669
-0.72187 0.083826 -0.26608
-0.58136 -0.17678 -0.34596
-0.56039 -0.24357 -0.35525
-0.59157 -0.28097 -0.30512
0.49058 -0.44747 -0.38818
0.53502 -0.51084 -0.45312
0.52277 -0.54996 -0.45272
0.50219 -0.57854 -0.4429
0.47677 -0.59323 -0.42428
0.54799 0.027473 0.19609
0.482623 0.0145559 0.0975104
0.552389 0.0473434 0.290295
0.499142 0.0629545 0.406197
