-0.64201 -0.53334 0.20304
-0.64887 -0.58412 0.16605
-0.62892 -0.59999 0.13891
-0.60154 -0.60016 0.13144
-0.57787 -0.57466 0.12106
0.74024 0.24666 0.19759
0.73955 0.19672 0.18911
0.71436 0.26504 0.16867
0.6444 -0.44852 0.18807
0.62656 -0.3794 0.1829
0.6157 -0.46564 0.17133
-0.33077 0.71282 0.17662
-0.38696 0.73264 0.16904
-0.3936 0.7457 0.14439
-0.39394 0.74688 0.11561
-0.37854 0.74757 0.090905
-0.39139 0.080314 0.057509
-0.43015 0.068728 -0.11289
-0.42333 0.0838957 -0.0238978
-0.390753 0.0466942 -0.18957
