-0.42785 0.04391 0.030084
-0.43359 0.005842 0.034653
-0.38075 -0.077013 0.022098
-0.42389 -0.047361 0.020686
-0.39745 -0.078274 0.021794
-0.28789 -0.016967 0.24702
-0.37025 -0.004227 0.22066
-0.42007 -0.035355 0.19615
-0.43021 -0.061829 0.17827
-0.4232 -0.10028 0.16276
-0.80553 -0.2708 0.12724
-0.8087 -0.30876 0.089427
-0.8161 -0.19668 0.10117
-0.81512 0.1246 0.18387
-0.81258 0.18095 0.23665
-0.8192 0.2528 0.18221
0.75014 -0.039416 0.1868
0.840507 -0.0120976 0.0865846
0.882309 0.0111793 -1.71065e-05
0.896995 0.049392 -0.133652
