-0.82358 0.15596 0.10309
-0.83854 -0.26653 0.027738
-0.86135 -0.21245 -0.032559
-0.84664 -0.14945 0.005905
-0.84506 0.23513 0.046024
-0.80494 0.27369 0.10829
-0.40371 0.27369 -0.1922
-0.47187 0.3117 -0.16198
-0.47176 0.35346 -0.14288
-0.45557 0.38491 -0.12994
-0.42231 0.41608 -0.1121
-0.45428 -0.22037 -0.20309
-0.51636 -0.25638 -0.17236
-0.5209 -0.29842 -0.15577
-0.50918 -0.33295 -0.15228
-0.47632 -0.36146 -0.14624
0.70548 -0.013813 -0.12941
0.82842 -0.008176 -0.018775
0.83751 -0.046975 0.23935
0.85645 -0.014583 0.063277
