0.80422 0.014766 0.016931
0.82466 0.068101 0.20725
0.7113 0.16075 -0.19201
0.81989 0.036881 -0.085319
0.46329 -0.14448 0.018079
0.40518 0.051085 0.20333
-0.22632 -0.2984 0.078376
-0.47086 0.33087 -0.001448
-0.61933 -0.077824 -0.029823
-0.4344 -0.069804 0.01501
-0.44395 -0.51043 0.12782
-0.45487 -0.57244 0.12769
-0.44325 -0.59603 0.13872
-0.42115 -0.59932 0.14937
-0.40553 -0.59596 0.15342
-0.65138 0.41663 0.17466
-0.69527 0.44201 0.20539
-0.70302 0.47333 0.21585
-0.70004 0.48356 0.17609
-0.70049 0.50393 0.16445
