0.86859 0.18382 -0.076162
0.75715 -0.31533 0.22154
0.73963 0.094181 -0.31084
0.60064 -0.48695 0.068439
0.32857 -0.090768 -0.18736
0.1805 -0.31016 0.017051
-0.16106 -0.03775 -0.36827
-0.41836 -0.22723 0.10198
-0.33095 -0.3778 -0.54757
-0.31293 -0.45403 -0.56983
-0.28678 -0.45868 -0.57011
-0.23929 -0.46195 -0.55859
-0.21198 -0.42633 -0.55036
-0.16918 -0.59456 0.24342
-0.1754 -0.65163 0.25445
-0.17728 -0.68579 0.28949
-0.20054 -0.69211 0.30349
-0.23908 -0.66948 0.31786
-0.311445 -0.0767857 -0.0629523
-0.479366 -0.186409 -0.217815
