0.86354 -0.14622 -0.2043
0.77755 -0.23788 0.21336
0.83341 0.10657 -0.2294
0.76246 -0.022406 0.31529
0.51118 0.18476 0.11189
0.49951 0.22789 -0.13692
-0.7507 -0.19594 -0.039128
-0.58037 -0.050696 -0.020484
-0.42673 0.14897 -0.14021
-0.29963 0.11845 0.22598
-0.49617 0.42907 0.19017
-0.47662 0.48238 0.17558
-0.45378 0.49766 0.15787
-0.43217 0.50014 0.13578
-0.4065 0.47731 0.13705
-0.67379 0.34 -0.024876
-0.72904 0.36929 -0.028497
-0.74345 0.38579 -0.048575
-0.74985 0.3891 -0.077928
-0.73224 0.37973 -0.10895
