0.75331 0.12446 0.02217
0.88033 -0.15584 0.038546
0.6205 -0.005726 0.032931
0.72771 -0.29021 0.075608
0.29185 0.30729 -0.040463
0.39335 -0.019907 -0.044072
-0.14954 -0.083006 0.17915
-0.6596 -0.1276 0.026384
-0.23658 0.024183 -0.19079
-0.53124 0.001694 0.00778
-0.14422 0.15457 0.14722
-0.14709 0.21488 0.1639
-0.12854 0.24282 0.17466
-0.10275 0.24574 0.17755
-0.0768 0.22166 0.17577
-0.47574 0.11271 -0.065863
-0.52494 0.12063 -0.076779
-0.55522 0.15163 -0.093374
-0.55025 0.1627 -0.10759
-0.5249 0.17696 -0.11867
