0.1818 0.321 -0.22829
0.18098 0.36009 -0.25824
0.18822 0.40127 -0.26569
0.16004 0.42503 -0.25858
0.14066 0.43175 -0.25158
0.22137 0.23912 -0.11597
0.23961 0.27913 -0.13542
0.23567 0.2993 -0.13163
0.26054 0.32991 -0.11316
0.30445 0.30583 -0.08219
-0.78358 0.32334 -0.23183
0.30187 0.82222 0.10698
-0.7506 0.30333 -0.014071
0.17377 0.68184 0.19826
-0.3738 -0.10319 -0.091664
0.20992 0.1921 0.086898
0.38825 -0.026906 0.019922
-0.16307 0.1987 -0.11729
0.20273 -0.016413 -0.46759
0.13043 -0.017486 -0.25015
