0.82173 0.13281 0.08992
0.82426 -0.12444 0.10808
-0.30768 0.39183 0.027902
-0.30606 -0.36824 0.053689
0.76339 -0.20343 0.29155
0.77539 0.25737 0.24593
0.38935 -0.13528 0.025255
0.395 0.13502 0.044256
-0.44538 0.031953 0.20516
-0.43007 0.62641 0.24023
-0.44939 0.67865 0.23424
-0.43359 0.70591 0.19314
-0.42622 0.70324 0.17685
-0.4435 0.68655 0.21095
-0.3726 -0.67114 0.19766
-0.38197 -0.72652 0.19183
-0.37991 -0.74411 0.16932
-0.36205 -0.73867 0.13171
-0.35635 -0.73228 0.12398
-0.627361 0.0288616 0.123213
