-0.51683 -0.054018 0.022888
0.81963 0.34866 -0.076073
0.69184 -0.40671 0.057568
0.62112 0.38817 -0.058456
0.71872 -0.19032 0.041977
0.42287 0.013749 -0.054037
0.28386 -0.27327 0.077264
-0.23292 0.18538 0.14176
-0.22266 -0.09019 -0.12527
-0.24043 -0.38772 -0.089786
-0.25484 -0.43971 -0.12744
-0.25031 -0.44305 -0.1503
-0.23419 -0.43258 -0.17284
-0.22245 -0.41376 -0.18334
0.056997 0.23858 0.14644
0.080769 0.31243 0.12939
0.074382 0.31486 0.12169
0.044146 0.31744 0.10647
0.025403 0.30927 0.085508
-0.698754 0.00679359 0.0371655
