0.70587 0.10521 -0.43438
-0.84998 -0.1234 -0.23158
0.60836 -0.11268 -0.398
-0.7791 -0.29924 -0.24214
0.30463 0.12637 -0.12269
0.38433 -0.16204 0.19382
-0.41511 0.01591 -0.02682
-0.095917 -0.001658 -0.22481
0.021637 -0.45417 0.022348
-0.006146 -0.34885 -0.10627
-0.003159 -0.40272 -0.1359
0.00461 -0.41915 -0.16611
0.011428 -0.41789 -0.1811
0.011094 -0.39239 -0.2062
0.65235 -0.29533 0.027801
0.70395 -0.30743 0.042449
0.72588 -0.29375 0.058366
0.72904 -0.28053 0.079581
0.71086 -0.25822 0.099438
0.00451241 -0.238579 -0.00906622
