-0.79506 -0.38991 -0.068946
0.24164 -0.67659 0.058623
0.02841 -0.59106 0.047706
-0.84083 -0.24282 0.12323
-0.38951 -0.081715 -0.038456
0.17166 -0.19351 0.13731
0.21136 -0.19028 0.19846
-0.10523 0.10264 -0.33845
0.18076 -0.19466 -0.19008
0.083951 -0.22923 -0.36177
0.091439 -0.29814 -0.401
0.0701 -0.31183 -0.42198
0.05831 -0.30441 -0.4405
0.024979 -0.25706 -0.4504
0.48829 -0.35 -0.00129
0.53857 -0.39177 -0.001759
0.54697 -0.42071 0.018152
0.52769 -0.43063 0.045422
0.50698 -0.43393 0.066531
0.105247 -0.027018 -0.0923188
