0.83608 0.20913 -0.066808
0.75178 -0.073908 0.044881
0.85329 0.17841 0.1125
0.79648 -0.1579 0.20499
0.33727 -0.1442 0.17199
0.40599 0.11835 0.018719
-0.42719 -0.16935 0.1783
-0.28248 0.13248 0.20348
-0.61972 0.019612 -0.009703
-0.43877 0.020786 0.054438
-0.65886 0.035548 0.077356
-0.72584 0.033079 0.098869
-0.72728 0.019912 0.12785
-0.72306 0.009413 0.14196
-0.69214 -0.005993 0.14934
-0.55299 0.17508 0.041748
-0.55648 0.21961 0.016019
-0.5601 0.24399 0.019679
-0.56591 0.26106 0.025705
-0.5663 0.26944 0.044411
