0.84846 -0.29021 -0.016557
0.74403 0.40646 -0.044554
0.72586 -0.32453 0.2253
0.60226 0.49293 0.15021
0.41308 -0.09524 0.25921
0.19759 0.39519 0.07156
-0.28597 -0.2421 0.16818
-0.20056 0.23118 0.15021
-0.34716 0.16704 0.45078
-0.39682 0.18628 0.47942
-0.40836 0.21284 0.48781
-0.41708 0.24605 0.49066
-0.41482 0.26551 0.47624
-0.39615 -0.2048 0.53914
-0.36816 -0.19726 0.59621
-0.33949 -0.18133 0.61459
-0.31483 -0.17133 0.59519
-0.29237 -0.17078 0.56056
-0.644254 0.0889134 0.0604804
-0.418601 0.133925 0.0490904
