0.76343 -0.057978 0.007282
0.7584 0.13359 -0.018513
0.87336 -0.084789 0.13603
0.84605 0.22536 0.10587
0.41394 -0.10644 0.052535
0.40073 0.12647 0.046353
-0.42237 -0.12595 0.20434
-0.34009 0.1652 0.15082
-0.60115 0.007093 0.001751
-0.43432 0.01508 0.044801
-0.6402 -0.000489 0.05203
-0.68876 -0.011154 0.061272
-0.55717 0.12707 -0.012199
-0.70894 -0.004033 0.07466
-0.71222 -0.001932 0.098842
-0.69754 -0.012893 0.12272
-0.55982 0.15519 -0.055008
-0.57438 0.17279 -0.062648
-0.57065 0.17787 -0.041328
-0.57818 0.20977 -0.028467
