25
0.694715 0.273040 0.046075
0.636199 -0.115790 -0.107408
0.596244 0.181764 -0.098246
0.612486 0.033393 -0.066974
0.593847 0.178688 -0.093106
0.550766 -0.265828 0.005359
0.549333 -0.267245 0.004411
0.552340 -0.309188 0.073538
0.547101 -0.270682 0.010910
0.548495 -0.265593 0.006248
0.536382 -0.286999 -0.064188
0.148029 0.018985 0.299925
-0.311325 0.394597 0.157765
-0.406937 0.341549 0.132445
-0.520625 -0.286722 0.180452
-0.519146 -0.289982 0.179365
-0.528811 -0.196860 0.165244
-0.765386 -0.164300 -0.355823
-0.517746 -0.284008 0.179643
-0.521791 -0.279031 0.180228
0.613524 0.214356 -0.023863
0.550055 -0.265852 0.007659
0.548904 -0.270436 0.007670
0.552153 -0.265697 0.007689
-0.521821 -0.281129 0.181910
