18
-0.149783 -0.759393 0.186573
0.812550 -0.093575 0.244424
-0.625063 -0.138344 0.186444
-0.346056 0.065434 0.359969
0.345697 -0.041316 -0.389456
0.800792 0.205542 0.179348
-0.630009 0.179015 0.150119
-0.344052 0.559258 0.343076
0.798998 -0.234352 0.244894
0.800136 0.346676 0.159404
0.816225 -0.162879 0.283016
0.796876 0.286679 0.187987
-0.504451 0.502337 0.268207
-0.461183 0.516059 0.323618
-0.404563 0.538945 0.357013
-0.266656 -0.779775 0.188447
-0.209718 -0.775505 0.200344
-0.318302 -0.753211 0.166769
