19
0.430776 -0.702789 -0.32132
-0.449714 0.142985 -0.326022
-0.80725 -0.291662 0.136382
-0.850755 0.042524 -0.148196
0.709857 0.295797 0.200536
0.666735 0.032233 -0.049836
-0.401992 0.001214 -0.283965
-0.479934 0.0778698 -0.294404
-0.469219 0.0417608 -0.280307
-0.807029 -0.220347 0.110883
-0.821912 0.0213133 -0.0678791
-0.841772 0.0940811 -0.146796
-0.798171 -0.283429 0.193197
-0.47044 0.112041 -0.319818
0.38727 -0.727932 -0.262284
0.416198 -0.716548 -0.289182
0.439338 -0.656767 -0.333198
0.415723 -0.595808 -0.307409
0.735659 0.125343 0.0418407
