0.21667 0.39639 -0.28342
0.27896 0.38658 -0.23825
0.31145 0.36143 -0.24018
0.3311 0.32585 -0.25147
0.32723 0.28973 -0.28045
-0.01982 0.33899 -0.19216
-0.006639 0.40732 -0.242
-0.007815 0.45163 -0.23154
-0.02043 0.47887 -0.20369
-0.024189 0.49571 -0.16945
0.50302 0.47327 0.027399
0.47979 0.54774 0.065976
0.49507 0.51945 0.14314
-0.64387 0.1413 -0.10476
0.81836 -0.085914 -0.15016
0.82691 -0.072423 -0.040827
0.81797 -0.039853 -0.12064
-0.52552 0.19806 -0.10228
-0.791268 -0.0225944 -0.0323609
-0.738618 0.0716925 -0.0915207
