-0.72869 0.36861 -0.20169
-0.76535 0.35662 -0.22019
-0.77671 0.31236 -0.20142
-0.77304 -0.34473 -0.17625
-0.72828 -0.40058 -0.15157
-0.76775 -0.3914 -0.17963
0.4268 -0.005594 -0.035597
0.53882 0.49713 -0.19845
0.61383 0.46058 -0.20936
0.62272 0.46543 -0.18135
0.64156 0.44045 -0.1596
0.63335 0.44367 -0.12957
0.70146 -0.31189 -0.15767
0.73233 -0.2837 -0.10817
0.73484 -0.29884 -0.082303
0.73447 -0.32516 -0.064756
0.73098 -0.35156 -0.054516
0.42086 -0.016651 0.16297
0.36687 -0.010708 0.22629
0.446451 -0.0118086 0.0679787
