0.39978 -0.72191 -0.25971
0.41575 -0.71748 -0.28854
0.43397 -0.70042 -0.32123
0.43663 -0.65857 -0.33813
0.41223 -0.58676 -0.30918
0.6709 0.036259 -0.049799
-0.447 0.14521 -0.32567
-0.46968 0.11639 -0.315
-0.48058 0.080072 -0.29546
-0.46554 0.044341 -0.27244
-0.39649 0.016232 -0.28089
-0.79544 -0.28813 0.19104
-0.808 -0.29181 0.1422
-0.80847 -0.21829 0.11031
-0.82697 0.021328 -0.075788
-0.8481 0.03368 -0.14272
-0.83694 0.098674 -0.15308
0.73414 0.12247 0.03465
0.705051 0.300885 0.197403
0.747611 0.21732 0.100808
