0.58218 0.48952 0.19188
0.65066 0.49862 0.21747
0.65623 0.50789 0.25654
0.65136 0.51861 0.29185
0.62733 0.52899 0.3257
-0.00356 0.74648 -0.17768
0.033638 0.69061 -0.15415
-0.023599 0.75363 -0.21674
-0.032624 0.74103 -0.25174
-0.045534 0.71918 -0.28036
-0.70315 0.29555 -0.11213
-0.72913 0.26793 -0.15472
-0.71531 0.26061 -0.063818
-0.6717 0.26571 0.27736
-0.69728 0.24322 0.22165
-0.69025 0.20034 0.31771
0.570165 -0.0568196 -0.0399295
0.635538 -0.153427 -0.0530391
0.649055 -0.267618 -0.0700926
0.614448 -0.378093 -0.0791909
