0.56878 0.60363 -0.25781
0.59583 0.61515 -0.22987
0.61706 0.60598 -0.19657
0.62353 0.58536 -0.16108
0.57939 0.52033 -0.13813
0.53801 -0.12836 -0.008892
0.58463 -0.25627 -0.016626
0.5865 -0.32489 -0.019447
-0.76079 0.30364 0.23142
-0.77885 0.29008 0.16328
-0.77632 0.25953 0.26732
-0.58451 0.46556 -0.1493
-0.62043 0.40671 -0.087234
-0.60477 0.45808 -0.19038
0.661656 0.419806 0.397586
0.676406 0.411704 0.362619
0.614501 0.392474 0.258554
0.684693 0.396825 0.330207
0.680799 0.391118 0.290902
0.523863 -0.46488 -0.0504602
