0.47957 -0.04794 0.11557
0.61873 -0.15565 0.024161
-0.43084 -0.087261 0.20871
-0.51363 -0.11323 0.1985
-0.52597 -0.14225 0.22295
-0.52265 -0.16317 0.24909
-0.50791 -0.189 0.26724
0.50929 0.54838 0.2894
0.5357 0.62853 0.30765
0.53121 0.65307 0.28916
0.51879 0.66497 0.25931
0.49971 0.66971 0.22625
-0.60801 0.39664 0.017676
-0.62728 0.34578 0.015986
-0.60372 0.41738 -0.040441
-0.72987 0.10059 0.17681
-0.72152 0.12926 0.1166
-0.73821 0.044697 0.1679
0.573617 -0.108227 0.071917
0.638482 -0.237085 -0.0738349
