-0.65616 0.2366 0.13418
-0.81757 0.20594 0.076005
-0.77167 -0.04997 0.079048
-0.85576 -0.047327 -0.10661
0.61811 -0.061751 0.00226
0.23748 -0.39493 0.040217
0.46367 0.30178 0.0071
-0.45372 0.050052 -0.15353
-0.47838 -0.071847 -0.076927
0.78224 0.3167 -0.11068
0.81082 0.31432 -0.060944
0.80999 0.32762 -0.043723
0.78136 0.34397 -0.029185
0.76257 0.35578 -0.025144
0.23992 -0.19049 -0.092411
0.28177 -0.13156 -0.10409
0.28703 -0.12109 -0.12612
0.27535 -0.12686 -0.14666
0.25568 -0.14228 -0.16946
0.429547 -0.00643748 -0.0300255
