0.79752 0.30913 -0.16832
0.66598 -0.37139 -0.32044
0.37639 0.35265 0.21039
0.50336 -0.19069 0.15657
0.69062 -0.4141 -0.097669
0.79939 0.36563 0.084481
-0.60978 0.073927 0.014979
-0.35927 -0.30087 -0.011832
-0.20537 0.15376 0.11889
-0.22434 0.034842 0.43662
-0.23257 0.043806 0.48948
-0.22899 0.064646 0.51657
-0.22009 0.11655 0.52228
-0.22079 0.12061 0.51764
-0.22108 -0.38977 0.3537
-0.16495 -0.4026 0.39354
-0.1337 -0.40141 0.38944
-0.10505 -0.38588 0.37534
-0.11351 -0.38191 0.3191
-0.816054 0.0961928 -0.101736
