0.38783 0.64822 0.020799
0.72052 0.042213 0.16383
0.54304 0.51101 -0.074007
0.88758 -0.083251 0.040423
0.088601 0.2733 -0.03984
0.36836 0.032014 0.1312
-0.19545 0.091325 0.065757
-0.25197 -0.044952 0.37812
-0.3877 0.2269 -0.24336
-0.60065 0.43905 -0.16465
-0.66106 0.47342 -0.18197
-0.67826 0.47984 -0.21233
-0.67899 0.48234 -0.22587
-0.68038 0.47517 -0.24436
-0.36127 0.28487 0.48786
-0.34525 0.32399 0.55217
-0.33567 0.31757 0.56993
-0.3045 0.28119 0.58822
-0.30896 0.26065 0.58598
-0.423875 0.0741711 0.141213
