0.60162 -0.47642 0.04113
0.73631 0.44511 -0.018199
0.74474 0.27212 -0.005575
0.77191 -0.43226 0.051112
0.31385 0.25317 0.016347
0.40944 -0.12185 -0.032816
-0.2361 -0.018868 -0.20772
-0.078199 -0.010374 0.1658
-0.66572 -0.076004 0.047576
-0.5209 0.033307 0.026298
-0.4402 0.14753 -0.036055
-0.48725 0.1641 -0.041114
-0.50248 0.19593 -0.046141
-0.49702 0.20466 -0.052267
-0.46045 0.21849 -0.071049
-0.14276 0.12957 0.17088
-0.13853 0.17189 0.21543
-0.12168 0.17937 0.23153
-0.084268 0.15951 0.22733
-0.073533 0.15527 0.22438
