0.74599 0.25797 0.061982
0.89473 -0.14165 -0.069884
0.68354 0.47869 0.09428
0.82625 0.039518 -0.18442
-0.51582 0.17293 -0.041183
0.22122 0.16903 0.08234
0.39242 -0.022766 -0.14121
-0.15019 -0.019962 -0.18765
-0.13346 0.12969 0.21735
-0.31324 0.30991 -0.31965
-0.29739 0.34017 -0.36399
-0.27301 0.35643 -0.37706
-0.24657 0.34525 -0.3816
-0.21666 0.32511 -0.37495
-0.28349 0.37509 0.001692
-0.28385 0.43292 -0.008634
-0.25932 0.45827 -0.000943
-0.23835 0.45644 0.01073
-0.21004 0.4488 0.023388
-0.706211 0.0448251 -0.0226785
