0.83486 0.29324 0.011597
0.8798 -0.18533 -0.052126
0.7179 0.40408 0.1826
0.76157 -0.209 0.14542
0.33978 0.21796 0.15045
0.3801 -0.092753 0.16604
-0.44827 -0.33519 0.23152
-0.35924 0.034708 0.038418
-0.36102 0.33986 -0.043236
-0.34943 -0.24697 -0.047147
-0.31732 0.11023 -0.21699
-0.55132 0.51642 0.16654
-0.60378 0.56217 0.17488
-0.61438 0.58644 0.16372
-0.6264 0.59744 0.14193
-0.60743 0.58879 0.1025
-0.47772 -0.042815 0.44254
-0.45848 -0.028136 0.50073
-0.44113 -0.032694 0.52358
-0.42412 -0.041017 0.52807
-0.43681 -0.034755 0.52604
-0.539873 0.0296513 0.149041
